cell_id	Bin1	Bin2	Bin3	Bin4	Bin5
X105A11_S177	3.45219412806004e-09	3.23679988754704e-12	1.69450736215721e-09	8.25212833188055e-06	0.99999174272173
X105A12_S185	0.260019009531756	0.000412528712209074	0.015960090217516	0.656092727504593	0.0675156440339258
X105A1_S97	3.85072558301018e-06	0.000653350051654716	0.799665062130155	0.199652184781924	2.5552310683079e-05
X105A2_S105	0.988924502193381	0.00589013244815562	0.00480046511725647	0.000356362814859919	2.85374263469574e-05
X105A3_S113	0.971696588489586	0.000961953263852047	0.0253952460951262	0.00191020939017016	3.60027612657334e-05
X105A4_S121	0.886428317156375	4.87440512671834e-12	3.61673798671448e-11	3.51203424360434e-08	0.11357164768224
X105A5_S129	0.0029630983956725	0.000348090675952424	0.00440346782242822	0.992273131584503	1.22115214437223e-05
X105A6_S137	0.0047511227301221	0.578216312737257	0.416988429013074	4.41354329999265e-05	8.65474718803806e-11
X105A9_S161	0.805178501431571	7.48460067026883e-06	7.61426734089878e-05	0.0353895551655713	0.159348316128779
X105B11_S178	0.654068672625592	0.332839861318725	0.0119380160880286	0.00114977381775261	3.67614990234307e-06
X105B12_S186	0.75106625777067	0.101937695494925	0.146354375647854	0.000580528838686686	6.11422478640188e-05
X105B1_S98	0.958615101244856	0.00159725355411691	0	0.0391142573029246	0.000673387898101854
X105B2_S106	0.999999681984171	1.05285991137218e-07	2.12729838213838e-07	0	0
X105B3_S114	0.000606319430980766	0.357583373061972	0.637996716534914	0.00381358678807266	4.1840607353656e-09
X105B9_S162	0.996988503785121	7.5466925995897e-11	0	0	0.00301149613941223
X105C11_S179	0.998693332091499	9.39319648530954e-07	0	0.00128499892560522	2.07296632473488e-05
X105C12_S187	0.961883001963264	0.000100525140979498	0.000439633092521921	0.0232152972706135	0.0143615425326208
X105C1_S99	0.0253752679474712	2.13473905921197e-06	3.43645414117342e-05	0.00203060544656749	0.97255762732549
X105C2_S107	5.7632516138556e-07	1.0189664265995e-09	3.71537911339519e-07	0.000715741792710146	0.999283309325251
X105C4_S123	0.999919195435959	1.42085650277407e-06	5.729960823513e-07	1.32349061413864e-06	7.74872208416434e-05
X105C5_S131	0.00434268240952923	6.05308672660639e-08	3.12606135580768e-06	0.0323199635547913	0.963334167443456
X105C7_S147	1.71182558322885e-08	3.27242575952617e-08	1.29203722637627e-07	0.0181635477277455	0.981836273226019
X105C8_S155	3.35423668700624e-05	0.972639141637789	0.0255785603012304	0.00174675634744624	1.99934666445712e-06
X105C9_S163	3.75603774591005e-05	1.3693142715775e-09	2.51027505261251e-07	5.99400660252524e-05	0.999902247159696
X105D10_S172	0.624967706417622	0.164631419344427	0.204782177982975	0.00561734075705446	1.35549792160116e-06
X105D12_S188	0.000544489759247795	0.29342953123064	0.687583686169451	0.0184422925322915	3.08369464228438e-10
X105D1_S100	0.000102730316371714	1.20417478405998e-10	3.00302370190087e-09	1.35466392651638e-06	0.999895911896261
X105D2_S108	0.000912346354514818	0.343898654659818	0.616169006295351	0.0390186406381258	1.35205218985024e-06
X105D3_S116	0.000103301338342738	0.0129238700360507	0.983721313310012	0.00324802458899464	3.49072659992443e-06
X105D4_S124	0.0186218650177306	0.00464250640404914	0	0.0146273511328571	0.962108277445363
X105D6_S140	0.00357184066530219	2.45822688342719e-14	2.92438570010274e-12	3.89392597264355e-09	0.996428155437823
X105D7_S148	0.999858879552338	2.9148150188591e-08	1.050686889602e-08	9.4270753681844e-05	4.68100389608321e-05
X105D8_S156	0.055325833122764	4.65818678039701e-06	0.0010909646137067	0.00695060518996453	0.936627938886785
X105E12_S189	0.998761800328672	7.23249621336398e-12	5.59756227078857e-11	5.91644434102827e-08	0.00123814044367654
X105E1_S101	1.79822403451176e-05	0.00313227511644775	0.000521450977115509	0.938118861860838	0.058209429805254
X105E3_S117	5.06446890210676e-05	3.97726782089683e-10	1.70741471121108e-06	0.00980721503528405	0.990140432463257
X105E5_S133	0.0292599966554226	6.88663064558033e-10	1.85901777994297e-08	6.48230494532678e-05	0.970675161016283
X105E7_S149	0.993877253625567	0.000337460581743044	0.00110238501550981	0.00242712200209388	0.0022557787750866
X105E8_S157	0.00289295197117326	0.0261877122524519	0.965534348803635	0.00538358545999603	1.40151274396143e-06
X105E9_S165	0.995086018249722	0.001359995775957	0.00127612616374805	0.00227645403276083	1.40577781197931e-06
X105F10_S174	0.672230786400458	0.183079467834957	0.120341175094555	0.0243086529441751	3.99177258546268e-05
X105F11_S182	0.999999876676819	9.05816929083458e-09	1.14265011252427e-07	0	0
X105F1_S102	0.998234795516466	0.00123312774826898	0.000368525978181565	0.000163205532409081	3.45224674393229e-07
X105F4_S126	0.179555511819576	8.97167060802066e-08	3.6221129324571e-06	0.00216071272930386	0.818280063621482
X105F7_S150	9.54996244090446e-07	4.53290020320239e-09	8.19681799529129e-07	0.243582454315195	0.756415766473861
X105F8_S158	0.0139614413454411	0.00177455908697801	0.0927867092908327	0.8836438771518	0.00783341312494852
X105F9_S166	0.999978578386484	2.6947527965855e-08	0	1.27127375630259e-05	8.68192842494855e-06
X105G10_S175	0.76441610185242	0.201598355499131	0.0337291855557021	0.000256357083118206	9.62886599336403e-12
X105G11_S183	0.720251133002115	9.59449378659252e-08	7.99207396560903e-06	9.5838682024697e-05	0.279644940296957
X105G2_S111	5.66217984364207e-05	1.28716389508175e-05	7.71658173661096e-05	0.0053355658701971	0.99451777487505
X105G3_S119	0.999964604099161	6.3710030629499e-09	2.34150533847134e-08	1.73418915772447e-06	3.36319256250025e-05
X105G4_S127	0.983873004100289	3.68176062794889e-09	1.31080994117257e-06	2.7574089980207e-06	0.0161229239990115
X105G6_S143	0.99809300466512	9.29358730040478e-05	0.00123369828823121	0.00019044117744878	0.000389919996196382
X105G8_S159	0.450004756365094	0.0602917045050768	0.439867479596303	0.0497504422016879	8.56173318385936e-05
X105G9_S167	0.879135545020186	0.0889910223308548	0.0157279890611691	0.0161442044563405	1.23913144944506e-06
X105H10_S176	0.243223236955873	0.593897520335695	0.0407463790018683	0.122067995588968	6.4868117596236e-05
X105H11_S184	9.75869873071786e-05	8.26676873705502e-06	0.00254181350898505	0.643067530692773	0.354284802042197
X105H2_S112	0.990130346941252	0.000244998156123803	0.000498110326617851	0.00895706621793418	0.000169478358072605
X105H6_S144	0.978326781135679	5.84658769204291e-07	9.55049186343177e-06	0.000126538531691698	0.021536545181997
X105H7_S152	0.99450983725974	0.00259684241066799	0.00287087188324079	2.24402466056724e-05	8.19974585882288e-09
X105H8_S160	0.999997857854905	1.870041854578e-13	3.59077193631771e-10	9.10063220674906e-12	2.14177672987925e-06
X105H9_S168	0.997097639753448	0.000499656385109716	0.00197454803537382	0.000177321193801996	0.000250834632266577
X115A10_S265	0.316013516835641	0.6707466121676	0.0131707510610195	6.91183073850336e-05	1.6283553271403e-09
X115A11_S273	0.998602650219196	0.000314110396114196	0.000449371192598638	0.000624970559534517	8.89763255707668e-06
X115A12_S281	0.995113706940938	0.00067298123906664	0.00132085375060896	0.00219763897151574	0.000694819097871319
X115A1_S193	0.117634582858041	0	0.882362914324069	2.50268092744927e-06	1.36962588759773e-10
X115A2_S201	0.828219910454386	0.0402976660975189	4.26321627521217e-05	0.103417732938885	0.0280220583464581
X115A3_S209	0.225226142411309	0.018457670390066	0.0552315157848456	0.700758771879874	0.000325899533904998
X115A5_S225	0.999570288535881	1.62029610212938e-05	1.6393107165405e-05	0.000381021020906703	1.60943750252912e-05
X115A6_S233	0.00331470443902957	0.0640938958592855	0.932578323748032	1.30736980758429e-05	2.25557708794574e-09
X115A7_S241	0.210746432690262	6.50465721561648e-08	2.61852080746855e-06	0.720917812883571	0.0683330708587874
X115A8_S249	0.996402845126757	4.2088699702374e-06	9.79736723865331e-05	0.00191833799236287	0.00157663433852311
X115B10_S266	0.135112057944699	0.0245940866915021	0.153682716190949	0.681113670889195	0.00549746828365458
X115B11_S274	0.998259669458849	1.13993818300264e-05	0	0.00120701606330878	0.000521915096012421
X115B12_S282	0.0236565817703191	0.976148457158455	0.000194952041896385	9.02781670859353e-09	1.51310583119614e-12
X115B1_S194	0.00153432117273114	0.914908930481361	0.0706469197075711	0.0129075215025627	2.30713577427939e-06
X115B3_S210	0.0110450898884389	1.72104333522248e-07	6.71116997301212e-05	0.000612514094469268	0.988275112213028
X115B4_S218	6.27380354620053e-06	0.24229099038436	0.757702353278871	3.82531491466985e-07	1.73055742235597e-12
X115B7_S242	0.827936336860817	4.75760660755915e-09	4.4791360195765e-09	0.000491673265783495	0.171571980636657
X115B8_S250	0.00289725369470358	0.927765196993713	0.068750783651447	0.00058649649596931	2.69164166569303e-07
X115B9_S258	0.0223736488430704	0.319679968539036	0.53462398852806	0.123320212735632	2.18135420083346e-06
X115C10_S267	0.735487859719983	0.207362447127861	0.0436862246714728	0.0134027313219893	6.07371586938263e-05
X115C11_S275	0.00017830950314797	0.826518053487709	0.00288302399999947	0.170380622734502	3.99902746411829e-05
X115C12_S283	0.0039542276299137	0.0022863850842504	0.00046155496075468	0.660636765838851	0.33266106648623
X115C1_S195	0.999999999953295	4.67052860224385e-11	0	0	0
X115C2_S203	0.999970286810971	3.87417887223275e-06	1.05176696157555e-07	6.62398854724603e-08	2.56675935748554e-05
X115C4_S219	0.0120516932042227	0.0290038874261478	0.18926796720164	0.769608102000752	6.83501672375053e-05
X115C5_S227	0.0277538024602747	0.219292759617896	0.0700652375552656	0.68288263369287	5.56667369372042e-06
X115C6_S235	0.989460035363655	0.00619141965471679	0.00433700719648351	1.05398587833502e-05	9.97926361683841e-07
X115C7_S243	0.00621735395598995	2.49537367930599e-07	3.35131935001479e-05	0.00135256104497124	0.992396322268171
X115C8_S251	0.998009219650729	0.000305626764265196	2.00435888638129e-05	0.00133611069578283	0.000328999300359427
X115C9_S259	0.40566686962976	4.96216348149139e-05	6.76274132599821e-07	0.000586700753381764	0.593696131707911
X115D11_S276	0.0047143524764516	1.5572001024174e-07	9.36603391040692e-05	0.00229406693669108	0.992897764527743
X115D12_S284	1.50059515617719e-06	0.989401766917562	0.00977292404550273	0.000823808093809044	3.479695852279e-10
X115D1_S196	0.309677886704979	0.09267230971369	0.407720694151403	0.17720352770927	0.0127255817206575
X115D2_S204	0.636966297479569	0.0174976082155569	0.00182906552598845	0.342358848803529	0.00134817997535691
X115D3_S212	0.000743179602009443	0.0254367397472579	0.0789380073589582	0.894881015603163	1.05768861134005e-06
X115D4_S220	0.99943399838718	2.04828472368641e-10	5.46527765897384e-10	1.21428094000088e-07	0.000565879433369777
X115D5_S228	0.000134327920322294	0.143265543276311	0.285872146522499	0.570689988996804	3.79932840640438e-05
X115D7_S244	0.00762028573155489	0.782716146345555	0.204030283237326	0.00563253659388201	7.48091681743234e-07
X115E10_S269	0.000449318107541341	2.97067151676613e-05	0.00319677669091321	0.936864832562628	0.0594593659237498
X115E11_S277	0.00400138287433817	1.29474494751663e-07	0.000535202311493357	0.0410788108505478	0.954384474489126
X115E12_S285	0.888628933484421	0.0821048753525901	0.0119999770551913	0.017260355112313	5.85899548504755e-06
X115E1_S197	0.999779736933546	9.52090730990885e-10	0	1.05914965323868e-07	0.000220156199397847
X115E2_S205	0.999997179781065	5.45931359215258e-07	0	2.14896811272671e-06	1.2531946312873e-07
X115E3_S213	0.863450192116284	2.46464094233999e-05	3.93637219731308e-05	0.00327644125997181	0.133209356492348
X115E4_S221	6.04714758691475e-09	2.84913684383483e-11	9.15761319422904e-10	0.00472939729706956	0.99527059571153
X115E7_S245	8.62618750572923e-09	3.83296492161525e-13	3.17462709170693e-11	0.00035105537790873	0.999648935963774
X115E9_S261	0.999285677858836	0.000606576489534068	7.42046686194504e-05	3.27342888661227e-05	8.06694144714797e-07
X115F10_S270	0.994281337729922	0.00532954397293123	0.000382628013661462	4.11408704072343e-06	2.37619644432213e-06
X115F11_S278	0.000825671493389711	0.0893741913408174	0.62219718287907	0.287113848497489	0.000489105789234209
X115F1_S198	0.40593816563663	0.111000245034201	0.480776690263269	0.00224572424779818	3.91748181021916e-05
X115F2_S206	0.991597125045048	0.00057702784155736	0.00135279745238104	0.00533449593188893	0.00113855372912462
X115F3_S214	3.09136818551045e-08	3.40241623787413e-09	4.2977557700999e-07	0.157691491340781	0.842308044567544
X115F4_S222	0.102347327445332	0.00693489973332079	0.0075930831775266	0.882346222283607	0.000778467360213437
X115F5_S230	0	0.838139619289699	0.161852001416736	8.37929330851306e-06	2.56131317963081e-13
X115F6_S238	0.0225071434277021	0.000207169332982864	0.0166355228306764	0.577011779333212	0.383638385075427
X115F7_S246	0.0218316130912102	0.000402500390224524	0.0499782111989409	0.927751035285356	3.66400342687355e-05
X115F8_S254	0.986506706533439	0.0121366285606417	0.00110199365650494	0.000254176278073646	4.94971340952246e-07
X115F9_S262	0.760911792643108	0.00117414060285697	0.12789276828021	0.107550824477917	0.00247047399590809
X115G2_S207	0	0.0681890558578121	0.378655858459935	0.551765925113962	0.00138916056829149
X115G3_S215	0.987403780916819	1.8194770000658e-09	1.02335992947419e-09	5.8277725581787e-08	0.0125961579626182
X115G4_S223	0.00330685331517432	0.00367790590664271	0.0937150875248372	0.899261481292851	3.86719604945858e-05
X115G5_S231	0.00128835099425268	0.850517815759841	0.13056040632332	0.0176332213478832	2.05574703276317e-07
X115G8_S255	0.162731961552228	1.26790968491384e-07	8.61620198139072e-07	0.0128379664561464	0.824429083580459
X115H10_S272	0.520708563534182	0.00986327239035853	0	0.46942139886526	6.76521019962268e-06
X115H11_S280	0.868442524831048	0.0132387130770217	0.0416598356699497	0.076460180415922	0.000198746006058364
X115H1_S200	0.15906818127956	1.73903030061057e-12	8.94304929173894e-11	4.25172020574383e-06	0.840927566909065
X115H2_S208	0.999118682413797	1.9594441344871e-06	1.02198931821155e-05	2.41835260932351e-06	0.000866719896276575
X115H3_S216	0.000271098402631808	8.03765911980152e-05	0.000386087476933337	0.991902398589044	0.00736003894019271
X115H4_S224	0.00169900882295603	5.11390707307554e-09	3.73270724819549e-07	0.00718668824087279	0.991113924551539
X115H5_S232	5.63786341963382e-05	1.50414245454402e-08	3.39636630770933e-06	2.01433867977643e-05	0.999920066571274
X125A1_S193	0.0723130044524907	0.114724150564677	0.808793713177062	0.00416778288138544	1.34892438465931e-06
X125A2_S201	0.00106196398668224	1.60193530280535e-08	9.02160837790121e-06	0.1436561305992	0.855272867786387
X125A3_S209	0.0358846720649185	0.000125801068699185	2.77631333408301e-05	0.0741051255149467	0.889856638218095
X125A4_S217	0.0119706004922907	0.660152324404668	0.327862778293148	1.42967682949382e-05	4.15982244053439e-11
X125A5_S225	0.999988780536209	2.88391647299124e-06	3.37104593398043e-07	7.82998697576505e-06	1.6845574938736e-07
X125A6_S233	0.00846030224862487	0.802695519090669	0.176237714210943	0.0126064598608924	4.58887031823146e-09
X125A8_S249	0.000314939392651639	6.81837607258402e-06	2.90921714417899e-05	0.0261311472118901	0.973518002847944
X125A9_S257	0.011346476569663	0.819431691022336	0.0785558807262243	0.0906522411068142	1.37105749621979e-05
X125B10_S266	0.997991633448681	0.0016696806279442	0.000333502404757267	5.14826627076742e-06	3.52523472781904e-08
X125B11_S274	0.847295423840996	6.45848914400634e-08	1.8932081763885e-05	0.00515264541153579	0.147532934080813
X125B3_S210	0.00226649463288019	0.0659998689392289	0.792504024775161	0.139199820857976	2.97907947541009e-05
X125B4_S218	0.99857073084697	0.000187577381817944	0.00082922501609809	0.00029997143834077	0.000112495316773672
X125B5_S226	3.1917188999769e-07	6.67993627700083e-12	5.26088584531029e-09	1.49590022077811e-05	0.999984716558336
X125B6_S234	1.34060648182639e-05	1.50158035856111e-11	7.29916739389939e-09	0.00259349222356969	0.997393094397429
X125B7_S242	0.848123538329135	0.0728765925621025	0.00238809342530184	0.0762861989179578	0.000325576765503155
X125B8_S250	0.00228107310982666	0.0057529560268544	0.559557450011428	0.421982373269005	0.0104261475828863
X125B9_S258	7.07101787695892e-05	5.23322040895341e-12	7.43840294441523e-09	9.60412156461914e-06	0.99991967825603
X125C10_S267	0.50070070692273	3.33397330616021e-11	4.28135387078856e-09	8.10242626836453e-07	0.49929847851995
X125C12_S283	0.000178528281345115	2.37132494639248e-07	8.54622426247573e-06	0.995634623681855	0.00417806468004286
X125C1_S195	0.987465453937532	0.00454853990882751	0.00669644561353779	0.00126545725194355	2.41032881586696e-05
X125C2_S203	0.898540181727046	4.66000899929673e-10	3.59375043458776e-09	3.64097963947204e-06	0.101456173233564
X125C4_S219	0.00281124456342214	4.40335707860278e-09	1.55719891839267e-07	7.2695096169233e-06	0.997181325803712
X125C5_S227	0.435170575897979	0.56157546660915	0.00325300402695587	9.2312117994136e-07	3.03447353792978e-08
X125C7_S243	0.604066650477276	0.242016940151736	0.0298774320779439	0.089210660447094	0.0348283168459508
X125C8_S251	0.999940834822537	6.39384781173337e-07	1.3683172232811e-06	1.64410470949049e-05	4.07164283639601e-05
X125D10_S268	0.000528363854275419	1.02465938213528e-10	2.07818025804456e-10	3.06110718546354e-05	0.999441024763586
X125D12_S284	0.00257238294057345	0.991970083079533	0.0054568531327579	6.75593516343725e-07	5.2536195022402e-09
X125D1_S196	0.0834892239643112	1.05759580073396e-08	2.92696108862257e-07	4.28119082937985e-06	0.916506191572793
X125D2_S204	0.994825265291178	1.64425852059183e-09	2.54911337937816e-08	3.21438412196618e-06	0.00517149318930762
X125D3_S212	0.0363750444615354	0.00911390651903164	0.00916699805156174	0.294584558757952	0.650759492209919
X125D5_S228	0.975645425337709	0.000128248825953041	0.00598175140207781	0.0182407605993422	3.81383491780245e-06
X125D7_S244	0.655355448758404	0.00034220304182494	0.0745618356566003	0.268408002715249	0.0013325098279218
X125D9_S260	0.387750443534745	0.000437414210505822	0.0045181203966293	0.560291230194824	0.0470027916632955
X125E11_S277	0.0440230453464527	0.368404802736359	0.245857944406076	0.340963147997523	0.000751059513589028
X125E12_S285	0.18643594916598	3.69711649778029e-11	5.71545121297724e-07	0	0.813563479251927
X125E1_S197	0.00206395249108009	4.87428055869837e-11	2.39758128100265e-08	1.86742513575852e-07	0.997935836741851
X125E2_S205	0.000141877871678066	2.4155957029135e-07	1.14881592119708e-05	0.290904328905702	0.708942063503838
X125E3_S213	0.680953312339674	0.17648060462624	0.126258413413421	0.0161969634334452	0.000110706187220048
X125E5_S229	0.0192074340239994	0.00462548864534045	0.169525885122343	0.804457383496211	0.00218380871210588
X125E6_S237	0.999977818572773	1.86821827451532e-05	0	3.49922240466827e-06	2.20767490112424e-11
X125E7_S245	0.0454165647454989	0.791255433752968	0.162540320572982	0.000787645594700627	3.53338496725225e-08
X125E8_S253	0.123165145951357	2.20483971162334e-07	0.000533341801788185	0.482060675518234	0.39424061624465
X125E9_S261	0.0838161983850287	0.000162834647313493	0	0.914770896385009	0.00125007058264844
X125F10_S270	0.00193927924440973	0.022564034298309	0.970085160398557	0.00541081384116974	7.12217554738418e-07
X125F11_S278	0.457758099094076	0.266505966181863	0.270756013579912	0.00497917229597798	7.48848171782019e-07
X125F1_S198	0.999148835048829	1.51134108327616e-11	1.52219772537236e-10	1.00546981333595e-07	0.000851064236856679
X125F2_S206	0.000931902663295276	0.770879543044484	0.208655279245137	0.0194662533462426	6.70217008408656e-05
X125F4_S222	0.00981696295728913	2.99242822903358e-07	8.43006128949503e-07	0.00443045991223023	0.985751434881529
X125F5_S230	0.979732362631424	0.0194916923263859	0.000768651041500809	6.73714263891827e-06	5.56858050373125e-07
X125F6_S238	0.235422518155042	5.41350694252497e-10	7.70230583366605e-08	0.000373664289270184	0.764203739991279
X125F7_S246	0.0433040838902862	0.000262459398355157	0.003315666585156	0.950766986673883	0.00235080345231969
X125F8_S254	0.000998072239994149	0.653375841567719	0.251434918006993	0.0941910989325554	6.92527378285525e-08
X125F9_S262	4.35097956004027e-06	0.924703692802213	0.074786879341813	0.000504635615700326	4.41260713875141e-07
X125G2_S207	0.978066938995572	0	0.0216861309978765	0.000243849483740579	3.08052281115037e-06
X125G4_S223	0.929538483006832	0.0592859189919712	0.00503859857414706	0.00368706325611649	0.00244993617093326
X125G5_S231	0.00242375341657713	5.22533686507535e-15	2.38002308880848e-12	9.52271617490006e-09	0.997576237058322
X125G7_S247	0.643310133462028	1.93821303735128e-05	0.00543348583666457	0.147221972369006	0.204015026201928
X125G8_S255	0.000422398031464921	9.03646044282404e-11	2.27482007237163e-09	4.14480113291838e-07	0.999577185123237
X125G9_S263	0.999938832358654	4.37689856367155e-07	0	6.03969812718874e-05	3.3297021828273e-07
X125H10_S272	0.937239557125721	0.00287528431250264	0.0550004790011019	0.000352034095496474	0.00453264546517834
X125H1_S200	0	0.239985413684125	0.0982874584695173	0.626657842845952	0.0350692850004052
X125H2_S208	0.865503426390261	0.0613385810510809	0.0426926333469861	0.0159853754573396	0.0144799837543325
X125H3_S216	0.00117006963604411	4.46941372439352e-06	7.61844482307928e-05	0.993973828285298	0.00477544821670232
X125H4_S224	0.215548076576508	0.0654814317523504	0.0819796531009698	0.635431761042888	0.00155907752728452
X125H5_S232	0.855124377030501	0.123276316845951	0	0.0215981469048212	1.15921872671609e-06
X125H6_S240	0.999596057529731	1.80387706847667e-09	0	0.000146044690502642	0.000257895975889418
X125H7_S248	0.999986230322361	1.25800826271787e-08	6.70664190097444e-06	6.18963236552899e-08	6.98855933206701e-06
X125H8_S256	0.0148472766123226	7.64444030406884e-06	0.0979070302330805	0.144072561359905	0.743165487354388
X135A1_S193	1.24707859283157e-05	3.66975052936625e-11	3.64031927400687e-07	0.000131117332672533	0.999856047812774
X135B1_S194	0.998819220568332	1.47586936653309e-05	5.1810279782197e-05	0.000484189737592096	0.00063002072062895
X135B2_S202	0.99998025561553	4.08970925685483e-06	5.24247433067085e-07	1.69405296212e-06	1.34363748176696e-05
X135B3_S210	0.986711828608438	1.4892208249556e-08	0	3.43978573801287e-05	0.0132537586419736
X135B6_S234	0.295421418049622	0.0978751326235135	0.198538762990214	0.408053963627486	0.000110722709164368
X135B7_S242	0.999827093723321	8.21620970810001e-05	4.66396122227042e-05	2.09672149870847e-05	2.31373523885427e-05
X135B8_S250	0.00318305576454392	3.75009288330492e-07	5.77591220046609e-08	0.00680684905068358	0.990009662416362
X135B9_S258	0.737411851390675	0.00367353757671245	0.251473696896095	0.00681293183942657	0.000627982297091117
X135C10_S267	0.0605950076826343	0.916821405309618	0.00928575654360673	0.0132292920692267	6.85383949143234e-05
X135C11_S275	1.7012633283647e-06	0.000718709549002059	0.0411341526374946	0.871393013366959	0.0867524231832156
X135C1_S195	0.972467756307551	0.000125838162728283	0.00119352197550334	0.015093272734143	0.011119610820074
X135C2_S203	0.0354072891215795	0.961783894077861	0.00141636280151861	0.000972558438211128	0.000419895560829937
X135C5_S227	4.64498555317908e-08	1.18061593663099e-09	7.20913442803205e-09	0.000217326986340837	0.999782618174053
X135C6_S235	0.9999917369446	2.48571443489024e-09	4.22950885987937e-09	2.8392234616653e-07	7.97241783038382e-06
X135C7_S243	0.00359213037929974	1.06459616749845e-05	0.00014437855073801	0.934286836983794	0.0619660081244928
X135C9_S259	0.00309098037607965	1.17673896455439e-09	1.23735500449591e-06	3.6960466231494e-06	0.996904085045554
X135D11_S276	0.00080418269530011	0	0.998872515876093	0.000323183190621321	1.18237985780338e-07
X135D2_S204	0.126177556678265	3.50993059906913e-06	1.23365289500577e-05	0.00185297997328775	0.871953616888898
X135D3_S212	1.41466164983638e-09	2.25260543413335e-08	2.60413341515008e-08	0.816763781822645	0.183236168195305
X135D4_S220	0.742016395439834	7.88292082585125e-05	0.000180053762073896	0.257638784468138	8.59371216960067e-05
X135D5_S228	7.72595080526557e-06	6.03334429684033e-11	5.69870352012308e-06	0.000119175717915474	0.999867399567426
X135D6_S236	0.986100491798774	0.0098400118748103	0.00287666716431312	0.00111768870335195	6.51404587503806e-05
X135D8_S252	0.0132930505509567	0.00944641605133921	0.183611338702702	0.793012450377248	0.000636744317753926
X135E11_S277	0.707313655746738	1.8384562355638e-08	2.18443324118518e-07	1.79975317355508e-06	0.292684307672202
X135E1_S197	0.00605782255602196	9.63482417576809e-06	0.000720428203414736	0.945567379481271	0.0476447349351169
X135E2_S205	0.953948121507044	5.69499502321784e-05	0.000952395839060805	0	0.045042532703663
X135E3_S213	0.176477700739677	1.80374367338676e-07	2.05676228312333e-05	0.000198372625631194	0.823303178637493
X135E4_S221	0.000506072257469741	0.0198116495316619	0.965530628550534	0.0141506796926619	9.69967672281675e-07
X135E6_S237	0.00204792351335762	0.0280771799038217	0.968777305408641	0.00109759020904195	9.65137689192962e-10
X135E7_S245	0.00194984458454749	0.988767742215977	0.00914550127078484	0.000136796047152816	1.15881538215688e-07
X135E9_S261	0.212932376080456	7.56251515820343e-08	8.98947210704308e-06	0.000297984607216832	0.786760574215069
X135F11_S278	0.999948022885203	3.2505672176233e-06	4.83923675086853e-07	4.79511642777333e-05	2.91459626713906e-07
X135F2_S206	0.00448540567708929	3.13518872649654e-06	0.000122776812592361	0.95468401443353	0.0407046678880617
X135F3_S214	0.986951003118307	0.00010263888396233	6.45028789536173e-05	0.0128799953663337	1.85975244305165e-06
X135F4_S222	0.000349417674323468	0.108145588692318	0.797362917027724	0.0941417017005153	3.74905119285169e-07
X135F5_S230	0.998497825730747	3.46910587035442e-07	3.43307486335858e-05	7.92730388188244e-06	0.00145956930615006
X135F9_S262	0.999998697184415	5.99371654561511e-09	0	2.26294660525773e-07	1.07052720776064e-06
X135G10_S271	0.838322831664508	0.0892985232362704	0.0701231024902062	0.00225394204245673	1.60056655894041e-06
X135G11_S279	0.582901162665574	3.88928985224496e-05	0.0013651899696551	0.403311621296542	0.0123831331697065
X135G2_S207	1.43893797502481e-10	2.14051351221809e-12	5.8114010744656e-11	0.00914882868961091	0.990851171106241
X135G3_S215	0.961177818405014	0.0205174765052123	0.0167257725621281	0.00123386693781658	0.000345065589828968
X135G4_S223	0.0625131412616435	0.0187897128912966	0	0.918616423105368	8.07227416914116e-05
X135G8_S255	5.9754744704768e-06	3.39974327688986e-08	5.04200661329134e-05	0.0916740113184697	0.908269559143494
X135H10_S272	0.00409201945141784	6.26806149197478e-11	7.32475206402534e-07	3.71824501311839e-05	0.995870065560564
X135H1_S200	3.09402323408323e-05	2.18883830821559e-12	9.50269762734075e-10	0.000123416470745104	0.999845642344455
X135H2_S208	0.897002829326531	0.0177066841588277	0.0037331061362991	0.0690602868748519	0.0124970935034906
X135H4_S224	0.0778887146004971	1.07093703126176e-07	4.1519023295632e-06	0.00250168333724658	0.919605343066224
X135H5_S232	0.00134556932278782	1.07852976387999e-08	1.44419709773358e-05	0.000309420898551337	0.998330557022386
X135H6_S240	0.996068595135708	0.00390296069462943	2.67334379687616e-05	1.68940008271689e-06	2.13316110353307e-08
X135H7_S248	0.999507969749036	7.56471798841975e-07	1.09781310877558e-05	0.000402664991897785	7.76306561797257e-05
X135H8_S256	0.194555857046472	0.000279995053207293	0.00234259173885618	0.797656603309668	0.00516495285179673
X135H9_S264	0.919966909220329	0.00106725687686371	0.00311287454004517	0.0569054057204291	0.018947553642333
X145A11_S177	0.999989947739022	4.04504743812906e-10	9.71894647252219e-08	1.10319914437267e-06	8.85146786470804e-06
X145A6_S137	0.0818003614646003	0.837171749517812	0.0747876551530875	0.00624023366909423	1.95406416572128e-10
X145A7_S145	0.00202260852840446	3.65517027078247e-06	1.58166333608727e-06	0.984092090073309	0.01388006456468
X145B11_S178	0.00024177472804574	0.480561556966223	0.0507826136484198	0.468376530846032	3.75238112800895e-05
X145B12_S186	0.980242732404397	0.00285817693322321	0.00378646232829212	0.0130492851077191	6.33432263687979e-05
X145B5_S130	2.76852584291655e-07	1.46394606151544e-09	2.05177000279081e-08	4.71471295999002e-05	0.99995255403617
X145B6_S138	1.11892148759268e-05	1.49573186816012e-08	5.09694568924449e-07	0.000610251452272687	0.999378034680964
X145B7_S146	0.873858811753168	9.65023371835803e-07	8.7224130354076e-05	0.000561320280489091	0.125491678812617
X145C10_S171	1.13964065111202e-07	5.26641129764762e-06	0.000152054595096097	0.485192970042191	0.51464959498735
X145C11_S179	0.989008348432835	4.80661991684866e-06	7.8403849132785e-05	0.000297220686752869	0.010611220411362
X145C1_S99	2.72835446036396e-08	9.49729665027423e-07	0.0011399733766177	0.997591717336585	0.00126733227358717
X145C3_S115	0.999998453688126	3.39927063069771e-08	5.11898798112908e-09	1.39690829130453e-07	1.36750935052268e-06
X145C6_S139	0.00904575608962091	0.255666540807571	0.539236024300706	0.19560690867699	0.000444770125111936
X145C9_S163	0	0.858343472362285	0.0347167487447856	0.103880968566683	0.00305881032624662
X145D10_S172	0.00508128298349427	0.916015117806545	0.0788983043219189	5.29486356584091e-06	2.44754417170684e-11
X145D1_S100	0.660359414272946	0.10721690103354	0.2099496909632	0.0223783360982231	9.56576320907369e-05
X145D4_S124	0.999934673550952	7.61861885235562e-06	1.17713767555943e-06	5.64095418542912e-05	1.21150665878744e-07
X145D5_S132	2.69854644363667e-05	9.67455796986598e-06	0.000444003837641507	0.941988818184678	0.0575305179552746
X145D6_S140	1.02228944402251e-07	1.33201532756827e-10	3.59606422825882e-07	3.4251448978584e-05	0.999965286582453
X145E1_S101	0.999953212451789	1.69149700784567e-08	0	2.50960982679971e-06	4.42610234143939e-05
X145E2_S109	0.00119203306212644	0.0157727999646424	0.00167093799975692	0.83023971792871	0.151124511044765
X145E3_S117	0.998838864965824	0	0	0.00116105913361314	7.59005628059943e-08
X145E4_S125	0.0327726106238006	0.143251284954226	0.810431751370502	0.0135439166207074	4.36430764608738e-07
X145E5_S133	4.14393956369921e-05	1.78782202400412e-11	2.48152365518096e-09	1.76277132395314e-06	0.999956795333637
X145E6_S141	1.21304761570382e-07	1.43201654260212e-06	0.000115907663747368	0.993709828438618	0.00617271057633059
X145F10_S174	0.752234747685062	0.0483965530025987	0.00268011266488249	0.00605038801793064	0.190638198629526
X145F1_S102	0.0777682684832273	0.495050772398433	0.427157013154881	2.39455192424101e-05	4.44215651492427e-10
X145F2_S110	0.0346848900200673	0.000728134928475128	0.000148359496944358	0.96390091865727	0.000537696897243102
X145F3_S118	0.000130824499465869	0.000150654820503856	0.000595512732903054	0.995050898346127	0.00407210960099995
X145F5_S134	0.925739800008715	0.0512733416835012	0.0223723840670823	0.000612867130742335	1.60710995885732e-06
X145F6_S142	2.9224198454229e-06	1.9547034115171e-07	1.21741240934529e-05	0.995935212688444	0.00404949529727579
X145F7_S150	0.850710641495463	1.55463703449999e-05	0.000415488477361396	0.00176836695140922	0.147089956705421
X145F8_S158	0	2.0673607281024e-06	0.000387142613108107	0.00116284410845152	0.998447945917712
X145F9_S166	0.00340320839686024	0.750106097218503	0.086449519965336	0.15994142429319	9.97501261108914e-05
X145G10_S175	0.00386269024830985	2.67554670192829e-05	0.00384236304284714	0.881349406767014	0.11091878447481
X145G2_S111	0.181640822296372	0.139506571366412	0.0898898968732099	0.574781591262078	0.0141811182019279
X145G3_S119	0.991798795373416	0.00403301128535109	0.0012160628518847	0.00131411541477433	0.00163801507457415
X145G5_S135	0.000170640787594023	1.81135217835399e-07	2.42442488788391e-05	0.0002066375773	0.999598296251009
X145G6_S143	0.468393140777137	4.46380673431602e-05	0.027459966684516	0.045056873799506	0.459045380671498
X145G7_S151	0.0678556937438886	9.3065583236299e-06	0.00012180666707187	0.598123034840732	0.333890158189984
X145G8_S159	0.918291284200225	0.0436463290730483	0.0029360792294642	0.0351164615827295	9.84591453307382e-06
X145H1_S104	0.162113801397292	2.55194107583838e-05	5.67413956969698e-05	0.000939437792211519	0.836864500004042
X145H4_S128	0.852109516970599	0.000252497113031906	0.0361191191543332	0.0131185821694238	0.0984002845926122
X145H6_S144	0.999854750612976	3.16899025235315e-11	0	1.55529206910788e-09	0.000145247800041977
X145H8_S160	0.0203243055397141	0.122379620655027	0.0896756896067205	0.767121194986655	0.000499189211882887
X145H9_S168	3.21934418511573e-06	0.00031267949308708	0.00233361106958028	0.997343506800862	6.98329228510237e-06
X155A11_S81	0.75180021463626	0.143938067967917	0.0943434074156091	0.00991817256286147	1.37417351820562e-07
X155A12_S89	0.01709773577017	0.179451507934155	0.788501845286911	0.0149484502068587	4.60801905093112e-07
X155A3_S17	0.999066821027926	1.1705311576096e-05	5.5458147130172e-05	0.000445619117849355	0.000420396395518207
X155A4_S25	0.849890979249943	0.0571817603585562	0.0736572182016617	0.0192515577455873	1.84844442520487e-05
X155A5_S33	0.402925374151631	0.000167077645857436	0.00264277366605629	0.489486811074598	0.104777963461858
X155A6_S41	0.577833805124395	0.00130643002590663	0.0769651898638646	0.0494976628274044	0.294396912158429
X155A7_S49	0.000547332147318807	0.975544824645186	0.0226306214608091	0.001277202341166	1.94055204354721e-08
X155A8_S57	0.00065460277783138	0.0117523416648146	0.0725473074229972	0.912423484003352	0.00262226413100494
X155A9_S65	0.0939598297721043	0.0441223166286695	0.120652760402434	0.739994791710359	0.00127030148643301
X155B10_S74	0.999975933536486	1.5746664229766e-08	3.2467961049351e-08	1.66044760733065e-05	7.4137728154735e-06
X155B11_S82	5.7494716198914e-07	0.000457227911101559	0.00388264953777906	0.995632881815886	2.66657880713598e-05
X155B12_S90	0.952005884535519	0.0183129200333655	0.0116007554672338	0.00915506513626587	0.00892537482761603
X155B1_S2	0.000153387996380046	0.00011949282537592	9.3799800222582e-05	0.998990893294248	0.00064242608377344
X155B2_S10	0.999998701836588	3.41351234398103e-07	3.11194382404991e-08	8.90512964169903e-07	3.51797757163125e-08
X155B3_S18	0.990455647590863	0.000251098999455108	0.00021753854171042	0.00835077827929566	0.000724936588675988
X155B4_S26	0.969159397494997	2.70526547126639e-11	6.15132901299096e-09	2.13085036269331e-05	0.0308192878229948
X155B5_S34	0.00168380583218907	0.295156891218409	0.173720297390951	0.527757713941455	0.00168129161699595
X155B6_S42	0	1.76764815756511e-05	0.00024717582682949	0.995137821418872	0.00459732627272314
X155B7_S50	0.587757717464335	0.302148581783931	0.109920348962991	0.00017334959198601	2.19675614942274e-09
X155B9_S66	0.927246734182171	1.69312916915256e-06	0.000145595860850948	0.0685844270595108	0.00402154976829768
X155C12_S91	0.999684249490893	2.08527773299394e-06	0	0.00030371810040174	9.94713097185696e-06
X155C1_S3	0.725758525188486	0.0740811021983724	0.177954371036708	0.0221915758376345	1.44257387990939e-05
X155C2_S11	0.212493387892982	0.758563253281489	0.0191887282815134	0.00975452610257746	1.04441437525161e-07
X155C3_S19	0.0071830208109266	1.82305419859203e-05	0.000196796746727758	0.00155169075020861	0.991050261150151
X155C4_S27	0.997688366858905	3.26301422182753e-10	2.05525828552947e-09	2.12502366835675e-07	0.00231141825716826
X155C6_S43	0.999996679973851	3.00998276561572e-06	0	2.97199109836303e-07	1.28442730697872e-08
X155C7_S51	0.999986282031777	5.63931438411548e-06	2.17675025003026e-06	5.88164753090764e-06	2.02560581126408e-08
X155C9_S67	0.999898008955008	1.78958333005102e-05	6.96429083910348e-05	5.92119183000294e-06	8.53111147008005e-06
X155D10_S76	8.42736789947645e-05	1.94663215564798e-12	0	8.69729135646579e-05	0.999828753405494
X155D11_S84	0.945232573748007	7.2813675831684e-08	0	0.0547673534383171	0
X155D12_S92	0.0044711167021653	3.68552584715204e-11	7.18561367439861e-10	3.79709553052307e-05	0.995490911587113
X155D2_S12	0.999970328263494	1.07107611120012e-05	0	1.89152002619728e-05	4.57751321978827e-08
X155D3_S20	0.999737793870265	0.000148510269780303	0	0	0.000113695859954656
X155D4_S28	0.000408740141293628	0.0030673123185373	0.0596009989796067	0.935852887749579	0.0010700608109838
X155D5_S36	0.00840422484425315	2.17829315165238e-13	1.58460161830192e-10	2.95689525049641e-06	0.991592818101818
X155D7_S52	0.00016703767725313	0.283844480869834	0.705634920351806	0.0103535610525922	4.85145863191602e-11
X155D8_S60	0.807893175529573	1.05118458262474e-06	6.60874051022081e-05	0.00703378846337573	0.185005897417367
X155D9_S68	0.00411206538824596	2.15682580839387e-05	0.000164648331576194	0.183630160734098	0.812071557287996
X155E10_S77	0.00411935586293209	0.0410600060256956	0	0.954225108915034	0.000595529196338634
X155E11_S85	0.160309372590221	7.58747523479698e-07	0.000103181954885065	0.000396717455130756	0.83918996925224
X155E2_S13	0.999815713532308	5.6135255133633e-06	2.38611035041371e-07	0.000159152860491942	1.92814706519625e-05
X155E4_S29	0.570104845139067	0.193916876005957	0.235978278854977	0	0
X155E5_S37	0.990201096951554	1.49118341017429e-09	1.17352009943233e-07	4.20884680970661e-09	0.00979877999640562
X155E6_S45	0.999971134581728	3.12846388076141e-06	2.28470353988021e-05	1.58981652649359e-07	2.73093733993203e-06
X155E7_S53	0.00213094319973836	0.352297837653933	0.635829291070292	0.00974170764340843	2.20432628319244e-07
X155E8_S61	9.10183450662825e-05	0.425953159862544	0.350537714586627	0.223415683309433	2.42389632917068e-06
X155E9_S69	0.00291562214045541	1.29666121830854e-07	9.0301417743397e-05	0.145455551766368	0.851538395009311
X155F11_S86	0.999987120060464	1.99953977793987e-09	1.54296829922726e-09	2.52074957447827e-06	1.03556474533126e-05
X155F1_S6	0.00212343487482382	0.18547810917014	0.775481146201389	0.0357029021144181	0.00121440763922961
X155F2_S14	6.85500912273166e-05	0.638302231512629	0.306406187827249	0.0552230272114823	3.35741280827147e-09
X155F3_S22	0.000171437391877234	1.39411584847294e-12	7.74358588716034e-11	6.16769899803813e-07	0.999827945759393
X155F4_S30	0.002389571478524	0.985474724385316	0.0121356813471038	0	2.27890560454218e-08
X155F5_S38	0.154431032622877	3.87764116696929e-08	2.11232525471406e-06	0.122946516703412	0.722620299572045
X155F6_S46	0.00385081298943908	6.99167671922915e-07	1.58624916425369e-05	0.0756088429478891	0.920523782403357
X155F7_S54	0.996723531953484	1.97759393158825e-05	5.5505237440523e-05	2.03450137617307e-05	0.00318084185599775
X155F8_S62	0.00876420104051887	0.00308964890123545	0.831642583744127	0.156497083103788	6.4832103307569e-06
X155F9_S70	0.864751579189602	3.96821465636698e-06	8.1139998586803e-05	0.0020211495985885	0.133142162998566
X155G10_S79	0.000229936766905585	2.57152347813985e-10	3.57902334830658e-07	1.14464633517709e-05	0.999758258610255
X155G1_S7	0.659773127886623	0.323763116506833	0.0161963982672079	0.000225176643084766	4.21806962506039e-05
X155G2_S15	0.118694827209996	0.795574038306686	0.0787545911179782	0.00697633316443821	2.1020090194452e-07
X155G3_S23	0.000521549085073429	0.0151804419012049	0.540271359922219	0.443914457277825	0.000112191813677217
X155G4_S31	0.99700555463635	2.65283384489792e-09	2.40371499190255e-07	6.29472110460935e-05	0.00293125512827077
X155G5_S39	0	0.539828636529241	0.411153134529592	0.0488033826852688	0.0002148462558984
X155G7_S55	0.996505043765726	1.08169124033172e-11	1.5292560479683e-07	1.03794176833968e-09	0.00349480225991004
X155G8_S63	0.100882486621365	0.0198450183076064	0.803318043948424	0.0618604920734826	0.014093959049123
X155G9_S71	0.165445977291701	3.87793872049859e-06	1.18613295795428e-06	1.465694324802e-06	0.834547492942296
X155H10_S80	0.0191773467178552	0.125037238514981	0.849053172240495	0.00316648374326513	0.00356575878340456
X155H11_S88	0.936727601914477	0.0601992762896365	0.00285107098384104	0.000220869257911419	1.18155413423303e-06
X155H2_S16	0.0333579605428978	3.55416133199226e-06	1.5454048568283e-06	0.00172544850220293	0.96491149138871
X155H3_S24	0.0949569092595965	0.710988801760653	0.179437313361118	0.0145953322959603	2.16433226715267e-05
X155H4_S32	0.999999945239207	4.00222039391753e-08	1.91658208186758e-09	4.44503958279898e-10	1.23775035461903e-08
X155H5_S40	0.975921634331274	0.02057139827502	0	0.00350654104438998	4.26349316063131e-07
X155H6_S48	8.59200264592628e-07	0.407258936933549	0.592275616331737	0.000464585742416749	1.792032898195e-09
X155H7_S56	0.373694252709069	0.00461968036331138	0.000303394768919548	0.6106411735175	0.0107414986412
